0
80
3 0
4 15
5 55
6 143
7 198
10 405
11 466
12 692
13 728
14 741
15 782
16 783
17 1052
18 1053
19 1058
21 1351
22 2127
24 2244
26 2356
27 2593
29 2594
30 2813
31 3170
32 3290
33 3828
34 4128
35 4726
36 4906
37 5085
38 5145
39 5384
40 5623
42 5923
44 6222
45 6521
46 6820
49 6839
51 6840
53 6877
54 6996
56 7581
57 7668
59 7887
61 7896
63 7919
65 7920
67 7924
68 7925
69 7931
72 7961
73 7962
74 7963
75 8064
76 8159
78 8307
79 8365
80 8855
81 9024
82 9084
84 9684
86 9743
87 10012
88 10251
89 10550
91 10760
92 10896
94 10956
95 11025
96 11082
105 11214
106 11236
108 11237
109 11238
112 11239
113 11240
117 11241
118 11242
121 11255
123 11256
124 11278
