0
294
3 0
4 15
5 55
6 143
7 198
10 405
11 466
12 692
13 728
14 741
15 782
16 783
17 1052
18 1053
19 1058
21 1351
22 2127
24 2244
26 2356
27 2593
29 2594
30 2813
31 3170
32 3290
33 3828
34 4128
35 4726
36 4906
37 5085
38 5145
39 5384
40 5623
42 5923
44 6222
45 6521
46 6820
49 6839
51 6840
53 6877
54 6996
56 7581
57 7668
59 7887
61 7896
63 7919
65 7920
67 7924
68 7925
69 7931
72 7961
73 7962
74 7963
75 8064
76 8159
78 8307
79 8365
80 8855
81 9024
82 9084
84 9684
86 9743
87 10012
88 10251
89 10550
91 10760
92 10896
94 10956
95 11025
96 11082
105 11214
106 11236
108 11237
109 11238
112 11239
113 11240
117 11241
118 11242
121 11255
123 11256
124 11278
126 11720
129 11774
131 11847
133 11900
135 11953
137 11982
139 12098
141 12150
143 12334
145 12391
147 12449
149 12506
151 12565
153 12766
155 12855
157 13026
159 13146
161 13264
163 13323
165 13999
167 14029
169 14110
171 14199
173 14257
175 14376
177 14435
179 14488
181 14546
183 14604
185 14662
187 15080
189 15161
191 15370
193 15429
195 15546
197 15784
199 15842
201 15901
203 16075
205 16133
207 16215
209 16245
211 16304
213 16601
215 16688
217 16716
219 16856
221 16886
223 16943
225 17001
227 17203
229 17255
231 17344
233 17403
235 17664
237 17753
239 17804
241 17832
243 17916
245 18125
247 18206
249 18235
251 18346
253 18405
255 18463
257 18665
259 18693
261 18863
263 18922
265 19003
267 19053
269 19106
271 19136
273 19216
275 19246
277 19364
279 19421
281 19622
283 19652
285 19762
287 19822
289 20026
291 20050
293 20109
295 20256
297 20277
299 20328
301 20382
303 20439
305 20461
308 20664
310 20771
312 20823
314 20880
316 20931
318 20989
320 21005
322 21037
324 21153
326 21271
328 21347
330 21434
332 21552
334 21608
336 21772
338 21895
340 21913
342 21965
344 21970
346 21988
348 22001
351 22012
354 22013
362 22014
364 22024
366 22040
368 22041
370 22042
372 22070
374 22081
376 22104
378 22114
379 22115
381 22116
383 22150
386 22151
388 22172
390 22194
392 22215
394 22236
397 22288
400 22298
402 22314
404 22315
406 22316
408 22361
410 22397
412 22455
414 22501
416 22503
418 22524
420 22525
422 22604
424 22760
426 22801
428 22829
430 22887
432 22935
434 22997
436 23050
438 23119
440 23120
442 23216
444 23292
446 23319
448 23429
450 23607
452 23686
454 23721
456 23834
458 24093
460 24145
462 24197
464 24248
466 24276
468 24357
470 24409
472 24614
474 24694
476 24807
478 24896
480 25006
482 25064
484 25144
486 25197
488 25226
490 25284
492 25461
494 25659
496 25660
498 25861
500 25944
502 25974
504 26024
506 26083
508 26134
510 26162
512 26217
514 26274
516 26757
518 26773
520 26907
522 26964
524 27100
526 27203
528 27290
530 27469
532 27647
534 27727
536 27757
538 28138
540 28671
542 28817
544 28874
546 29051
548 29101
550 29184
552 29361
554 29772
556 29981
558 30011
560 30055
562 30134
563 30175
